338
569
737
207
392
704
620
163
571
211
872
472
365
341
266
596
233
381
506
774
558
786
971
562
339
296
280
927
199
707
938
952
70
778
498
751
649
803
547
615
14
946
892
764
184
756
65
343
2
369
191
587
161
540
414
316
48
648
453
35
632
582
868
894
362
128
637
657
808
714
732
576
736
115
342
893
813
439
202
818
405
560
246
791
876
763
320
308
913
706
136
305
85
740
866
234
755
557
245
733
198
659
135
238
908
44
796
593
432
559
500
142
318
504
901
907
166
973
295
127
185
690
373
298
548
760
315
113
325
375
26
936
592
479
753
253
765
11
556
353
206
954
194
655
897
748
380
531
287
822
81
165
955
730
581
394
288
642
536
10
685
692
255
3
906
409
966
459
278
877
76
62
992
123
750
475
430
578
247
145
984
963
464
745
186
257
842
372
941
152
301
526
359
550
836
129
972
217
747
29
45
542
700
445
463
846
226
335
159
193
423
33
705
779
267
0
525
994
841
360
322
594
442
107
650
408
169
625
84
660
613
19
566
294
676
237
823
424
914
210
53
533
88
4
367
828
858
297
268
809
215
702
83
39
689
403
585
563
969
845
709
497
289
722
628
918
975
915
678
840
891
852
47
665
485
192
110
120
688
565
905
948
634
744
235
460
611
844
427
710
923
980
780
957
606
34
8
567
724
225
965
347
63
176
928
147
218
22
467
564
426
668
477
149
795
903
425
363
195
783
574
799
513
232
270
991
13
283
329
699
792
364
313
738
968
319
59
323
599
406
583
929
122
219
309
160
530
124
696
87
490
179
6
213
636
885
438
248
871
389
879
833
686
344
131
249
324
812
580
349
832
731
263
977
851
228
831
887
336
681
494
98
412
37
982
465
352
743
874
223
314
139
487
930
834
337
174
227
985
105
990
357
970
680
641
687
51
960
156
75
250
875
285
144
302
663
667
579
925
862
111
675
572
419
769
189
934
100
469
451
279
446
188
919
993
56
653
617
102
58
282
224
495
544
797
935
626
177
942
92
358
499
888
431
950
66
953
988
141
618
772
36
126
727
873
523
647
5
101
158
286
904
25
643
382
440
512
781
754
782
466
798
549
679
317
602
178
93
486
568
824
388
752
117
366
766
600
384
586
794
967
150
291
262
603
437
140
434
749
24
456
802
958
878
103
204
461
589
95
910
503
986
922
895
396
561
108
898
421
553
162
577
398
719
555
909
519
820
348
889
790
71
979
496
509
252
300
155
41
471
328
476
197
137
15
104
695
728
429
886
712
623
391
447
718
138
515
669
807
277
920
739
543
333
183
449
945
264
378
97
640
242
274
777
175
607
182
443
393
787
511
116
771
806
800
943
801
757
947
148
243
924
258
821
205
491
524
478
976
666
303
119
539
31
49
154
488
621
761
16
883
390
609
130
170
776
545
90
974
996
741
694
290
457
125
819
847
43
153
865
73
674
608
573
489
368
817
370
133
411
273
241
340
422
527
867
964
882
91
483
734
770
52
939
715
684
74
664
825
767
239
462
826
222
839
151
708
849
951
896
773
535
793
816
89
899
721
77
926
30
870
474
444
143
784
723
454
17
281
376
584
848
420
537
220
212
68
658
528
713
157
633
254
374
529
978
330
134
79
99
856
534
762
890
575
627
912
481
631
520
853
855
670
231
522
981
570
622
881
240
312
404
21
921
521
387
82
693
691
814
383
355
701
450
118
805
397
452
860
838
900
18
638
271
482
614
644
416
788
209
541
590
716
386
532
869
944
672
785
630
20
673
356
106
804
132
379
746
502
57
661
428
505
407
597
229
173
458
269
180
60
916
789
629
121
201
835
80
493
168
244
345
811
902
480
259
468
514
433
717
410
436
311
859
9
385
703
417
604
109
830
377
662
181
216
167
735
261
12
538
200
484
299
164
78
275
196
554
64
654
508
997
492
435
651
742
861
32
810
999
86
697
94
682
619
260
601
310
371
470
172
327
639
292
55
726
402
729
857
829
203
827
510
911
711
54
304
399
276
864
671
72
96
683
698
516
350
518
284
956
401
837
959
843
656
720
214
863
40
998
351
961
400
605
616
854
265
591
1
326
983
272
112
940
190
635
236
949
931
114
251
933
768
815
293
395
69
917
775
27
23
552
725
987
46
7
937
517
507
67
455
38
441
588
473
595
652
171
989
610
50
677
306
501
415
230
645
331
221
880
551
418
307
758
354
42
332
448
884
850
624
256
321
932
646
187
334
208
962
612
361
413
61
759
546
28
995
346
146
598
